Billing Record ID,Patient Number,Rx Number,NDC Number,Drug Description,Date Filled,Qty Dispensed
BO-001,SP-041,SRX-041,00000005001,Opal Capsules,2026-07-07,25

